#1-Q [GeV] 2--dN/dQdY [GeV-1] 3--dN_{PreEq}/dQdY [GeV-1] 3--dN_{Hydro}/dQdY [GeV-1]
1 0.00264722 0.000521792 0.00212543
1.28571 0.000857025 0.000285358 0.000571666
1.57143 0.000309219 0.000148665 0.000160554
1.85714 0.000121072 7.41567e-05 4.69155e-05
2.14286 5.07955e-05 3.69473e-05 1.38482e-05
2.42857 2.29932e-05 1.87811e-05 4.21209e-06
2.71429 1.09385e-05 9.62798e-06 1.31052e-06
3 5.34352e-06 4.94461e-06 3.98917e-07
3.28571 2.72861e-06 2.60063e-06 1.27984e-07
3.57143 1.45166e-06 1.41087e-06 4.07917e-08
3.85714 7.73622e-07 7.60426e-07 1.31966e-08
4.14286 4.15562e-07 4.11385e-07 4.17712e-09
4.42857 2.33847e-07 2.32507e-07 1.33953e-09
4.71429 1.31675e-07 1.31234e-07 4.41179e-10
5 7.53467e-08 7.52057e-08 1.40922e-10
