#1-Q [GeV] 2--dN/dQdY [GeV-1] 3--dN_{PreEq}/dQdY [GeV-1] 3--dN_{Hydro}/dQdY [GeV-1]
1 0.00242353 0.00049622 0.00192731
1.28571 0.000776239 0.00026743 0.000508809
1.57143 0.000275411 0.000135854 0.000139558
1.85714 0.000108345 6.84797e-05 3.98654e-05
2.14286 4.55068e-05 3.38842e-05 1.16225e-05
2.42857 2.0229e-05 1.67867e-05 3.44227e-06
2.71429 9.43396e-06 8.38463e-06 1.04933e-06
3 4.62597e-06 4.30118e-06 3.24798e-07
3.28571 2.33171e-06 2.23187e-06 9.98412e-08
3.57143 1.20436e-06 1.17351e-06 3.08525e-08
3.85714 6.51527e-07 6.41857e-07 9.67003e-09
4.14286 3.5702e-07 3.54031e-07 2.98906e-09
4.42857 1.96042e-07 1.9506e-07 9.81733e-10
4.71429 1.11388e-07 1.11074e-07 3.14311e-10
5 6.25295e-08 6.24312e-08 9.82439e-11
