#1-Q [GeV] 2--dN/dQdY [GeV-1] 3--dN_{PreEq}/dQdY [GeV-1] 3--dN_{Hydro}/dQdY [GeV-1]
1 0.00445126 0.000692871 0.00375839
1.28571 0.0015362 0.000414839 0.00112136
1.57143 0.000582017 0.00023463 0.000347387
1.85714 0.000238269 0.000127787 0.000110482
2.14286 0.000103802 6.73806e-05 3.64211e-05
2.42857 4.88161e-05 3.6566e-05 1.22501e-05
2.71429 2.39114e-05 1.97576e-05 4.15378e-06
3 1.20222e-05 1.05872e-05 1.43496e-06
3.28571 6.36079e-06 5.8531e-06 5.07694e-07
3.57143 3.45027e-06 3.27313e-06 1.77139e-07
3.85714 1.91669e-06 1.85467e-06 6.20224e-08
4.14286 1.06831e-06 1.04565e-06 2.26571e-08
4.42857 6.21584e-07 6.13592e-07 7.99239e-09
4.71429 3.61416e-07 3.58556e-07 2.8607e-09
5 2.17714e-07 2.16687e-07 1.02687e-09
