#1-Q [GeV] 2--dN/dQdY [GeV-1] 3--dN_{PreEq}/dQdY [GeV-1] 3--dN_{Hydro}/dQdY [GeV-1]
1 0.00550272 0.000771397 0.00473132
1.28571 0.00195329 0.000481046 0.00147224
1.57143 0.000754284 0.000277803 0.000476481
1.85714 0.000316248 0.00015793 0.000158318
2.14286 0.000141199 8.70116e-05 5.41875e-05
2.42857 6.62899e-05 4.72816e-05 1.90083e-05
2.71429 3.3403e-05 2.65916e-05 6.81139e-06
3 1.70685e-05 1.46542e-05 2.41425e-06
3.28571 9.00957e-06 8.12303e-06 8.86536e-07
3.57143 4.96512e-06 4.63763e-06 3.27487e-07
3.85714 2.74855e-06 2.62855e-06 1.20003e-07
4.14286 1.60366e-06 1.56019e-06 4.34641e-08
4.42857 9.36629e-07 9.20236e-07 1.63934e-08
4.71429 5.52315e-07 5.46106e-07 6.20977e-09
5 3.34904e-07 3.3258e-07 2.32307e-09
