#1-Q [GeV] 2--dN/dQdY [GeV-1] 3--dN_{PreEq}/dQdY [GeV-1] 3--dN_{Hydro}/dQdY [GeV-1]
1 0.00223318 0.000475428 0.00175775
1.28571 0.000706748 0.000250485 0.000456263
1.57143 0.000248721 0.000125754 0.000122967
1.85714 9.67506e-05 6.26237e-05 3.41268e-05
2.14286 4.04348e-05 3.05394e-05 9.89542e-06
2.42857 1.79121e-05 1.49981e-05 2.91402e-06
2.71429 8.39614e-06 7.53301e-06 8.63127e-07
3 4.08969e-06 3.83304e-06 2.56648e-07
3.28571 2.04871e-06 1.9699e-06 7.88078e-08
3.57143 1.05277e-06 1.02781e-06 2.49634e-08
3.85714 5.59419e-07 5.51956e-07 7.46318e-09
4.14286 3.07399e-07 3.05052e-07 2.34777e-09
4.42857 1.67009e-07 1.66284e-07 7.24416e-10
4.71429 9.36415e-08 9.34158e-08 2.25655e-10
5 5.3029e-08 5.29584e-08 7.05924e-11
