#1-Q [GeV] 2--dN/dQdY [GeV-1] 3--dN_{PreEq}/dQdY [GeV-1] 3--dN_{Hydro}/dQdY [GeV-1]
1 0.00610098 0.000819271 0.00528171
1.28571 0.00219082 0.000512588 0.00167823
1.57143 0.000853948 0.000301611 0.000552336
1.85714 0.000358307 0.000172212 0.000186094
2.14286 0.000162973 9.76096e-05 6.53638e-05
2.42857 7.75289e-05 5.43095e-05 2.32193e-05
2.71429 3.88686e-05 3.04815e-05 8.38712e-06
3 2.02454e-05 1.71569e-05 3.08851e-06
3.28571 1.06251e-05 9.48122e-06 1.14384e-06
3.57143 5.89212e-06 5.46413e-06 4.27992e-07
3.85714 3.30413e-06 3.14134e-06 1.62792e-07
4.14286 1.93876e-06 1.87776e-06 6.10042e-08
4.42857 1.13814e-06 1.11494e-06 2.31997e-08
4.71429 6.64273e-07 6.55498e-07 8.7744e-09
5 4.03413e-07 4.00032e-07 3.38138e-09
