#1-Q [GeV] 2--dN/dQdY [GeV-1] 3--dN_{PreEq}/dQdY [GeV-1] 3--dN_{Hydro}/dQdY [GeV-1]
1 0.00518839 0.000750043 0.00443835
1.28571 0.00183171 0.000457341 0.00137437
1.57143 0.00070523 0.000266575 0.000438655
1.85714 0.000292299 0.000148813 0.000143486
2.14286 0.000130316 8.15894e-05 4.87268e-05
2.42857 6.14278e-05 4.45113e-05 1.69165e-05
2.71429 3.0471e-05 2.44618e-05 6.00928e-06
3 1.55992e-05 1.34695e-05 2.12978e-06
3.28571 8.18124e-06 7.41669e-06 7.64552e-07
3.57143 4.49296e-06 4.21902e-06 2.73939e-07
3.85714 2.52072e-06 2.42061e-06 1.0011e-07
4.14286 1.43792e-06 1.40098e-06 3.69415e-08
4.42857 8.39864e-07 8.26057e-07 1.38076e-08
4.71429 4.97025e-07 4.91995e-07 5.0303e-09
5 2.94992e-07 2.93146e-07 1.84575e-09
