#1-Q [GeV] 2--dN/dQdY [GeV-1] 3--dN_{PreEq}/dQdY [GeV-1] 3--dN_{Hydro}/dQdY [GeV-1]
1 0.00373144 0.000633713 0.00309773
1.28571 0.00126004 0.000368434 0.000891603
1.57143 0.000469185 0.000200592 0.000268593
1.85714 0.000188164 0.000105844 8.23196e-05
2.14286 8.18088e-05 5.54868e-05 2.6322e-05
2.42857 3.77821e-05 2.92619e-05 8.52023e-06
2.71429 1.83325e-05 1.55196e-05 2.81296e-06
3 9.21214e-06 8.27304e-06 9.391e-07
3.28571 4.75532e-06 4.44291e-06 3.12412e-07
3.57143 2.52711e-06 2.41908e-06 1.08028e-07
3.85714 1.39875e-06 1.36223e-06 3.65155e-08
4.14286 7.86014e-07 7.73168e-07 1.28464e-08
4.42857 4.47292e-07 4.42918e-07 4.37449e-09
4.71429 2.58069e-07 2.56573e-07 1.49597e-09
5 1.4918e-07 1.48652e-07 5.28263e-10
