#1-Q [GeV] 2--dN/dQdY [GeV-1] 3--dN_{PreEq}/dQdY [GeV-1] 3--dN_{Hydro}/dQdY [GeV-1]
1 0.00318906 0.000573115 0.00261594
1.28571 0.00105895 0.000329313 0.000729635
1.57143 0.000386548 0.000173239 0.000213309
1.85714 0.000154409 9.04242e-05 6.39849e-05
2.14286 6.68927e-05 4.69674e-05 1.99253e-05
2.42857 3.02308e-05 2.39213e-05 6.30946e-06
2.71429 1.43879e-05 1.23567e-05 2.03111e-06
3 7.21944e-06 6.56896e-06 6.5048e-07
3.28571 3.7313e-06 3.51746e-06 2.13837e-07
3.57143 1.98767e-06 1.91733e-06 7.03464e-08
3.85714 1.06957e-06 1.046e-06 2.35789e-08
4.14286 5.89357e-07 5.81657e-07 7.69994e-09
4.42857 3.38918e-07 3.36325e-07 2.59296e-09
4.71429 1.91485e-07 1.90598e-07 8.86711e-10
5 1.15175e-07 1.14869e-07 3.05854e-10
