#1-Q [GeV] 2--dN/dQdY [GeV-1] 3--dN_{PreEq}/dQdY [GeV-1] 3--dN_{Hydro}/dQdY [GeV-1]
1 0.00423355 0.000674996 0.00355856
1.28571 0.00145264 0.000399616 0.00105303
1.57143 0.000547644 0.000222596 0.000325048
1.85714 0.000224108 0.00012089 0.000103218
2.14286 9.8239e-05 6.44971e-05 3.37419e-05
2.42857 4.58285e-05 3.45087e-05 1.13198e-05
2.71429 2.23644e-05 1.85858e-05 3.77863e-06
3 1.13002e-05 9.99251e-06 1.30764e-06
3.28571 5.9233e-06 5.47498e-06 4.48319e-07
3.57143 3.18135e-06 3.02473e-06 1.5662e-07
3.85714 1.77273e-06 1.71826e-06 5.44704e-08
4.14286 1.00808e-06 9.88775e-07 1.93014e-08
4.42857 5.70318e-07 5.63425e-07 6.89328e-09
4.71429 3.32454e-07 3.29975e-07 2.4789e-09
5 1.97463e-07 1.9661e-07 8.52383e-10
