#1-Q [GeV] 2--dN/dQdY [GeV-1] 3--dN_{PreEq}/dQdY [GeV-1] 3--dN_{Hydro}/dQdY [GeV-1]
1 0.00206638 0.000452712 0.00161367
1.28571 0.00064823 0.000237447 0.000410782
1.57143 0.000227027 0.000117459 0.000109568
1.85714 8.64633e-05 5.64576e-05 3.00057e-05
2.14286 3.61573e-05 2.76479e-05 8.50938e-06
2.42857 1.60643e-05 1.3588e-05 2.47632e-06
2.71429 7.43016e-06 6.70211e-06 7.28057e-07
3 3.61423e-06 3.40272e-06 2.11505e-07
3.28571 1.7943e-06 1.73042e-06 6.38844e-08
3.57143 9.2668e-07 9.07441e-07 1.92397e-08
3.85714 4.90614e-07 4.84722e-07 5.89265e-09
4.14286 2.65501e-07 2.63712e-07 1.78809e-09
4.42857 1.44321e-07 1.43782e-07 5.39225e-10
4.71429 8.1418e-08 8.12476e-08 1.70371e-10
5 4.69016e-08 4.68503e-08 5.12833e-11
