#1-Q [GeV] 2--dN/dQdY [GeV-1] 3--dN_{PreEq}/dQdY [GeV-1] 3--dN_{Hydro}/dQdY [GeV-1]
1 0.00473672 0.000719739 0.00401698
1.28571 0.00165342 0.000435068 0.00121835
1.57143 0.000625629 0.000244574 0.000381055
1.85714 0.000258841 0.00013472 0.000124121
2.14286 0.000114222 7.30604e-05 4.11612e-05
2.42857 5.36168e-05 3.96166e-05 1.40002e-05
2.71429 2.64315e-05 2.16079e-05 4.82351e-06
3 1.3479e-05 1.17926e-05 1.68646e-06
3.28571 7.06931e-06 6.46931e-06 5.99996e-07
3.57143 3.8294e-06 3.61736e-06 2.1204e-07
3.85714 2.14905e-06 2.07227e-06 7.67805e-08
4.14286 1.21606e-06 1.1883e-06 2.77613e-08
4.42857 6.98095e-07 6.88209e-07 9.88608e-09
4.71429 4.13654e-07 4.1007e-07 3.58442e-09
5 2.42533e-07 2.41199e-07 1.3344e-09
